"x" "y1" "y0.3" "y0" "yn0.3" "yn0.6" "yn0.9" "y0.9" "y0.6" "yn1"
"1" 87.8388046301384 87.8388046301384 85.5401323802939 121.567870991089 -98.0283397604951 -108.304970757222 -92.4669056009407 85.6684542176906 94.9076051913846 -87.8388046301384
"2" 101.167292230162 101.167292230162 96.1324582202704 99.2222182643257 -103.119795414777 -110.535993101052 -96.5816245598223 95.6375446069467 120.643912270319 -101.167292230162
"3" 104.291498490657 104.291498490657 110.208765102851 112.415777590802 -97.4723209925394 -131.269477163249 -101.792220241485 111.658331798706 110.122394404446 -104.291498490657
"4" 97.6330008623667 97.6330008623667 108.118719138541 98.0884948689046 -114.707683646925 -99.0125987586807 -103.33808205649 98.3659022917631 94.4735658913734 -97.6330008623667
"5" 82.3510154484272 82.3510154484272 95.6309531301042 91.9228024312219 -88.0549957132779 -80.6931018340523 -77.1571126170294 78.9681287799702 58.852154153001 -82.3510154484272
"6" 92.7107943396576 92.7107943396576 101.763093601106 103.002535837183 -89.0656110881844 -96.7394558845303 -83.2842618310142 97.1759264836519 82.375033461212 -92.7107943396576
"7" 100.76521225755 100.76521225755 115.379110466677 97.5707663841977 -90.6857157213804 -101.415454573442 -104.486577745634 100.891744941524 91.2386799394745 -100.76521225755
"8" 95.8270844891735 95.8270844891735 110.354728972769 94.1764531278933 -74.6668464448553 -102.943095678465 -94.3134369065951 97.595022039064 106.736995504572 -95.8270844891735
"9" 96.1379918289472 96.1379918289472 91.9196441653192 111.490060139635 -105.607317192285 -115.835680643144 -92.577688171023 95.4756284090371 98.5364756156322 -96.1379918289472
"10" 95.8644557031541 95.8644557031541 99.8510655078397 104.519930454933 -86.8004516447253 -89.3560163878598 -97.9618282944841 97.4464570425734 97.0912421722151 -95.8644557031541
"11" 105.603749117176 105.603749117176 122.006450109563 111.210210897422 -56.0853873390855 -116.206578496065 -108.855245336762 112.362677198216 88.3728280114846 -105.603749117176
"12" 88.4391285344523 88.4391285344523 102.470540241514 120.643955743619 -74.7416438127157 -81.5663671069093 -87.4976650771108 90.4421859171725 90.7252784097245 -88.4391285344523
"13" 98.750701843471 98.750701843471 100.533876516051 104.742453481826 -78.7133138316381 -106.454175761905 -96.7047627453861 93.923232016585 90.8391571071248 -98.750701843471
"14" 99.8325865216355 99.8325865216355 102.024952841031 102.279148187142 -97.1068137493935 -78.4254524648651 -109.726984320958 103.178497722893 101.250087085416 -99.8325865216355
"15" 99.6845776160861 99.6845776160861 98.3489344187357 95.1065134997644 -111.318695410425 -101.822016152301 -98.2987224878193 98.8704639979846 101.456850778277 -99.6845776160861
"16" 105.68576718808 105.68576718808 88.9291961664779 101.767501690662 -79.0821509516102 -100.40696506128 -104.816256158502 101.19054196431 99.9056249886868 -105.68576718808
"17" 96.6630048816982 96.6630048816982 110.410108509098 60.2509953519618 -93.3487744770837 -109.143821387253 -100.579683541046 92.5437853849718 105.523788365828 -96.6630048816982
"18" 100.272225557468 100.272225557468 109.60832763897 79.9026014274691 -99.0951538948483 -97.3260512266553 -105.489540144248 99.399141868529 108.671976959936 -100.272225557468
"19" 99.0145008080213 99.0145008080213 88.9548729019554 91.1900521811648 -82.3110891330585 -101.154340400581 -98.0440003340279 99.9302334777289 100.9989610737 -99.0145008080213
"20" 81.521505602753 81.521505602753 96.9154703665004 104.630970041105 -83.1671613621926 -61.8429484401416 -77.8626587039638 86.0927313673842 88.1405529524622 -81.521505602753
"21" 99.4992535422202 99.4992535422202 85.2948671396894 94.2969019540242 -102.761600697112 -98.602256769529 -97.2766804031827 101.028858868666 110.45132073059 -99.4992535422202
"22" 104.826988434305 104.826988434305 86.5260099470642 97.6290144392346 -98.2548647915617 -89.4202366148677 -101.485029036356 105.568484501898 99.7847855745299 -104.826988434305
"23" 103.351014330707 103.351014330707 110.804596674415 100.924291944281 -104.979398082422 -102.972961244631 -98.1848210715943 102.195032169286 89.2440482007054 -103.351014330707
"24" 107.399856543634 107.399856543634 102.028863430409 92.6945443985254 -85.9904850150509 -115.411650617613 -113.872554465585 114.339549096706 103.642441045521 -107.399856543634
"25" 106.046142791784 106.046142791784 98.8931024156377 119.616084906201 -164.898852453597 -100.888228392644 -107.671701358961 108.385326157162 104.769763404254 -106.046142791784
"26" 116.251670063834 116.251670063834 112.833282232091 111.529239012433 -120.795838491209 -118.463635297234 -114.763375034293 109.950236945815 109.542975607837 -116.251670063834
"27" 95.2204097364887 95.2204097364887 109.558228878211 104.405444430225 -65.5557092882801 -116.536372425891 -90.0943854383831 84.6627461207205 84.394911261301 -95.2204097364887
"28" 109.805897422389 109.805897422389 99.8311115343641 85.2613537130871 -71.8501918365541 -113.925895539474 -105.716662683664 111.993720745523 92.8558221294307 -109.805897422389
"29" 115.86337340043 115.86337340043 113.042281366374 106.523837129261 -116.773377681662 -110.864710229779 -115.014868304338 120.892396908909 119.707864654651 -115.86337340043
"30" 102.52414674304 102.52414674304 96.2454663597688 106.209890223031 -103.150076867344 -122.053656621177 -100.191371745754 103.916848967832 107.059742690522 -102.52414674304
